Модель: gbr_tuned
Тестовый период: 2020-01-01 00:00:00 .. 2020-12-31 23:00:00
Объём теста: 8783 наблюдений
MAE  = 9.542 kWh
RMSE = 16.045 kWh
MAPE = 6.522%
R2   = 0.956

MAE по часу суток:
DATE
0      4.41
1      4.25
2      4.29
3      4.94
4      4.80
5      5.01
6     11.02
7     11.27
8     24.94
9     17.29
10    11.58
11    11.35
12    12.79
13    11.48
14    10.53
15    10.75
16    12.34
17     9.14
18     9.70
19    10.37
20     8.11
21     7.15
22     6.51
23     4.98

MAE по месяцу:
DATE
1     12.54
2      9.09
3      9.00
4      6.31
5      8.88
6      7.69
7     12.12
8     10.27
9     10.52
10     8.43
11     8.15
12    11.28